,Model,No. Estimators,Max Depth,Avg Depth,Min Samples Leaf,Max Features,Class Weight,Train Accuracy,Train Precision,Train Recall,Train F1,Train F2,Validation Accuracy,Validation Precision,Validation Recall,Validation F1,Validation F2,Accuracy Generalization Loss,Precision Generalization Loss,Recall Generalization Loss,F1 Generalization Loss
42,rf30a,350,5.0,5.0,10,sqrt,"{0: 0.5, 1: 25}",0.7649515198382012,0.101171216333227,0.9849157054125999,0.1834938215481258,0.35853871249071345,0.760350242695346,0.09912170639899624,0.9822380106571936,0.1800716379029632,0.35308389733111994,0.004601277142855187,0.0020495099342307532,0.002677694755406246,0.0034221836451625853
41,rf30,350,5.0,5.0,10,sqrt,"{0: 0.5, 1: 20}",0.8166676580810184,0.12556921675774135,0.9787045252883763,0.22258097063868432,0.41491122479687026,0.8133625202246122,0.12368362088281425,0.9804618117229129,0.21965777954635893,0.41102010424422925,0.0033051378564061817,0.0018855958749271068,-0.0017572864345366535,0.002923191092325389
33,rf28,350,5.0,5.0,10,sqrt,balanced,0.8463506037713402,0.14616661135081313,0.976929902395741,0.2542871990299671,0.4572069266226485,0.8435328828400114,0.1437908496732026,0.9769094138543517,0.2506836827711941,0.4525259173934506,0.0028177209313288154,0.0023757616776105273,2.0488541389251935e-05,0.0036035162587729763
40,rf_gs4,300,5.0,0.47,5,sqrt,balanced,0.659853667241687,0.07165858894707738,0.9773735581188997,0.13352729035972966,0.277044191252295,0.659132007233273,0.07142857142857142,0.9769094138543517,0.1331235628706281,0.27632636655948556,0.0007216600084140046,0.00023001751850595942,0.0004641442645479943,0.0004037274891015574
34,rf28b,350,4.0,4.0,10,sqrt,balanced,0.7538397477841889,0.09629954017954893,0.9755989352262644,0.17529594643070665,0.34520109258735987,0.7506900161796898,0.09508139937651541,0.9751332149200711,0.17326810793750985,0.3420134562671318,0.003149731604499162,0.0012181408030335211,0.00046572030619329574,0.002027838493196793
36,rf_gs,300,5.0,5.0,5,sqrt,balanced,0.8309916126345845,0.13494196701282835,0.9800354924578527,0.23722079037800683,0.4350823288426692,0.827638717045779,0.1318892900120337,0.9733570159857904,0.23230182280627384,0.42765724988294057,0.0033528955888055822,0.0030526770007946458,0.006678476472062322,0.004918967571732991
39,rf_gs3,300,5.0,5.0,5,sqrt,balanced,0.8162988519421808,0.1251776476607356,0.976929902395741,0.22191987906273622,0.4138008794678093,0.8147425525839916,0.12381382738364212,0.9733570159857904,0.21968330326718782,0.41030248577418393,0.0015562993581891282,0.0013638202770934887,0.003572886409950571,0.0022365757955483956
37,rf_gs1,300,5.0,5.0,5,sqrt,balanced,0.829813812384748,0.1340863545272363,0.9795918367346939,0.23588483521179424,0.43322999646823374,0.826782145236509,0.13132039300263598,0.9733570159857904,0.2314189189189189,0.4264591439688715,0.0030316671482391033,0.002765961524600319,0.006234820748903469,0.004465916292875349
43,rf_rand,309,4.0,4.0,13,7,balanced,0.7543751115341145,0.09677277909322109,0.979148181011535,0.17613727055067838,0.3467726729935265,0.7513086513752736,0.09501476463435818,0.9715808170515098,0.17310126582278484,0.34149082282432264,0.0030664601588409335,0.0017580144588629082,0.00756736396002522,0.003036004727893532
38,rf_gs2,300,5.0,4.23,10,sqrt,balanced,0.7284872999821546,0.0871868978805395,0.963620230700976,0.15990576455863947,0.32008960150907806,0.7245645759969545,0.08630245447347586,0.9680284191829485,0.1584763012503635,0.31808100852106924,0.003922723985200105,0.0008844434070636453,-0.0044081884819724415,0.00142946330827598
35,rf29,350,5.0,5.0,10,10,balanced,0.9038367735411338,0.2144047035766781,0.9707187222715173,0.3512320410947909,0.5691691379220645,0.8994479870562482,0.20554711246200608,0.9609236234458259,0.33865414710485137,0.5538493038493039,0.0043887864848856095,0.00885759111467202,0.009795098825691406,0.012577893989939526
32,rf28,350,10.0,10.0,10,sqrt,balanced,0.937410029147582,0.2979981190380223,0.9840283939662822,0.45746107043415496,0.6737954918281791,0.9328067002950414,0.27970939283860924,0.9573712255772646,0.43293172690763054,0.644891122278057,0.004603328852540556,0.018288726199413075,0.02665716838901755,0.024529343526524416
31,rf27e,350,15.0,15.0,10,sqrt,balanced,0.9676878234489322,0.45320097244732577,0.9924578527062999,0.6222531293463143,0.8016771788990826,0.9645950318835063,0.4275420336269015,0.9484902309058615,0.5894039735099338,0.7626392459297344,0.0030927915654259674,0.02565893882042425,0.04396762180043845,0.032849155836380484
29,rf27c,300,15.0,15.0,10,sqrt,balanced,0.9675450597822854,0.4520631067961165,0.9915705412599822,0.621005834954154,0.8005014326647566,0.9645950318835063,0.42742582197273454,0.9467140319715808,0.5889502762430939,0.7616461846241783,0.002950027898779184,0.024637284823381955,0.04485650928840146,0.03205555871106003
30,rf27d,400,15.0,15.0,10,sqrt,balanced,0.9676521325322706,0.4529256934602146,0.9924578527062999,0.6219936048936466,0.8015048369759942,0.964547444560769,0.42696629213483145,0.9449378330373002,0.5881702598120508,0.7604345340194396,0.0031046879715015407,0.025959401325383158,0.04752001966899977,0.03382334508159579
25,rf26d,500,15.0,15.0,10,log2,balanced,0.9675331628100649,0.4520105071731663,0.9924578527062999,0.621130084686936,0.8009308986752596,0.9644046825925573,0.42594075260208164,0.9449378330373002,0.58719646799117,0.7597829191659524,0.0031284802175075566,0.02606975457108468,0.04752001966899977,0.033933616695766
21,rf26,500,15.0,15.0,10,sqrt,balanced,0.9675331628100649,0.4520105071731663,0.9924578527062999,0.621130084686936,0.8009308986752596,0.9644046825925573,0.42594075260208164,0.9449378330373002,0.58719646799117,0.7597829191659524,0.0031284802175075566,0.02606975457108468,0.04752001966899977,0.033933616695766
28,rf27b,1000,15.0,15.0,10,sqrt,balanced,0.9681280114210933,0.4566060853583827,0.9920141969831411,0.6253670815270592,0.8035650111406598,0.9649281431426668,0.42961165048543687,0.9431616341030196,0.5903279599777654,0.7611811926605505,0.003199868278426443,0.02699443487294584,0.04885256288012152,0.035039121549293784
27,rf27a,250,15.0,15.0,10,sqrt,balanced,0.9672952233656534,0.4501510574018127,0.9915705412599822,0.6191993350879623,0.7992990487089622,0.9641667459788712,0.4241214057507987,0.9431616341030196,0.5851239669421487,0.7577054794520547,0.0031284773867822357,0.026029651651014007,0.048408907156962666,0.03407536814581358
24,rf26c,500,15.0,15.0,10,10,balanced,0.980417583724942,0.5786749482401656,0.9920141969831411,0.7309578293559987,0.8680124223602486,0.9778243076044542,0.5506792058516197,0.9360568383658969,0.6934210526315789,0.8211280772826426,0.002593276120487875,0.027995742388545963,0.05595735861724416,0.037536776724419796
23,rf26b,500,15.0,14.526,10,1,balanced,0.927618821010053,0.26815980629539954,0.9826974267968057,0.4213429712763935,0.64106274600602,0.9200532978014657,0.2425080682342093,0.9342806394316163,0.3850658857979502,0.5948880343813616,0.007565523208587277,0.025651738061190227,0.048416787365189395,0.03627708547844327
26,rf27,100,15.0,15.0,10,sqrt,balanced,0.9674974718934032,0.45167812373635263,0.9911268855368234,0.6205555555555556,0.8000286491906603,0.9641667459788712,0.42326332794830374,0.9307282415630551,0.5818989450305385,0.7507163323782234,0.0033307259145319845,0.028414795788048897,0.06039864397376826,0.03865661052501712
22,rf26a,500,15.0,15.0,10,15,balanced,0.9824281720302183,0.6051420838971583,0.9920141969831411,0.7517229786518742,0.8795531429470538,0.9795374512229942,0.5726775956284152,0.9307282415630551,0.709066305818674,0.8272813388064414,0.0028907208072240786,0.03246448826874304,0.06128595542008597,0.04265667283320018
18,rf24d,500,15.0,15.0,10,None,balanced,0.9827612872523943,0.6095834467737544,0.9933451641526175,0.7555255609920702,0.8822602253920719,0.9793471019320453,0.5711135611907387,0.9200710479573713,0.7047619047619048,0.8198797087685976,0.0034141853203489836,0.03846988558301567,0.07327411619524626,0.05076365623016543
19,rf24e,500,15.0,15.0,15,None,balanced,0.9784664802807685,0.5555,0.9858030168589175,0.7105852254557082,0.8535648432698216,0.9753973541448558,0.5234215885947047,0.9129662522202486,0.6653721682847896,0.7946815089672231,0.003069126135912703,0.032078411405295326,0.07283676463866884,0.045213057170918614
17,rf24c,500,15.0,15.0,5,None,balanced,0.987305930640652,0.6791427709025053,0.9982253771073647,0.8083348302496857,0.9124827642144537,0.9828209764918626,0.6268844221105527,0.8863232682060391,0.7343635025754232,0.8185695538057743,0.004484954148789355,0.05225834879195257,0.11190210890132557,0.07397132767426251
16,rf24b,500,15.0,15.0,4,None,balanced,0.988329070251621,0.6972420204524326,0.9982253771073647,0.8210180623973727,0.9188924283263907,0.9835347863329209,0.6410923276983095,0.8756660746003553,0.7402402402402403,0.8159549817941079,0.004794283918700071,0.05614969275412307,0.12255930250700942,0.08077782215713247
15,rf24a,500,15.0,15.0,3,None,balanced,0.9892094461959431,0.7137416693113298,0.9977817213842058,0.8321924144310824,0.9242212542122132,0.9841534215285048,0.6545698924731183,0.8650088809946714,0.7452180566182096,0.8127503337783711,0.005056024667438264,0.05917177683821151,0.1327728403895344,0.08697435781287277
14,rf24,500,15.0,15.0,2,None,balanced,0.9898280887514128,0.7258637391023571,0.997338065661047,0.8402167819099233,0.9279286716750599,0.9844389454649282,0.6616438356164384,0.8579040852575488,0.7470997679814385,0.8098591549295775,0.0053891432864846545,0.06421990348591877,0.1394339804034982,0.09311701392848482
13,rf23,500,15.0,15.0,1,None,balanced,0.9896972220569865,0.7235824742268041,0.9964507542147294,0.8383725270623367,0.9265676567656764,0.9837251356238698,0.6515775034293553,0.8436944937833037,0.7352941176470589,0.7967125125796712,0.005972086433116752,0.07200497079744883,0.15275626043142565,0.1030784094152778
20,rf25,500,20.0,20.0,3,None,balanced,0.9967521265837844,0.8919667590027701,1.0,0.9428989751098097,0.9763493026076412,0.9901018368706577,0.81195079086116,0.8206039076376554,0.8162544169611307,0.8188585607940446,0.006650289713126756,0.08001596814161016,0.17939609236234455,0.12664455814867903
1,rf19,1000,15.0,15.0,1,None,None,0.9986913330557373,1.0,0.9511978704525288,0.9749886311959982,0.9605734767025089,0.9929094889121538,0.9348739495798319,0.7904085257548845,0.8565928777670837,0.8156158357771262,0.005781844143583514,0.06512605042016806,0.16078934469764428,0.11839575342891451
0,rf18,1000,None,21.522,2,None,None,0.9980964844447088,0.9976235741444867,0.9312333629103815,0.963285910968334,0.943794964028777,0.9925763776529932,0.9302325581395349,0.7815275310834814,0.8494208494208494,0.8073394495412846,0.005520106791715551,0.06739101600495179,0.14970583182690012,0.11386506154748466
12,rf23a,500,20.0,20.0,1,None,balanced,0.9975016358336803,0.9147727272727273,1.0,0.9554896142433235,0.9817073170731708,0.9895783763205482,0.8208955223880597,0.7815275310834814,0.8007279344858963,0.7890961262553803,0.007923259513132108,0.09387720488466755,0.21847246891651861,0.15476167975742716
11,rf23,500,25.0,25.0,1,None,balanced,0.9998096484444708,0.9929515418502203,1.0,0.9964633068081343,0.9985823143717879,0.9907204720662416,0.9035087719298246,0.7317939609236235,0.8086359175662415,0.7607090103397343,0.009089176378229258,0.08944276992039568,0.2682060390763765,0.1878273892418928
8,rf21b,1000,None,31.286,1,None,balanced,0.9999762060555588,0.999113475177305,1.0,0.9995565410199556,0.9998225691980128,0.9907680593889788,0.9221967963386728,0.7158081705150977,0.806,0.7493492004462625,0.009208146666579986,0.07691667883863218,0.2841918294849023,0.19355654101995556
7,rf21a,500,None,31.324,1,None,balanced,0.9999762060555588,0.999113475177305,1.0,0.9995565410199556,0.9998225691980128,0.9907204720662416,0.9200913242009132,0.7158081705150977,0.8051948051948051,0.7490706319702601,0.009255733989317227,0.07902215097639176,0.2841918294849023,0.19436173582515048
6,rf21,750,None,31.298666666666666,1,None,balanced,0.9999762060555588,0.999113475177305,1.0,0.9995565410199556,0.9998225691980128,0.9906252974207671,0.9159090909090909,0.7158081705150977,0.8035892323030907,0.7485141158989599,0.00935090863479171,0.08320438426821408,0.2841918294849023,0.19596730871686496
9,rf21c,250,None,31.288,1,None,balanced,0.9999762060555588,0.999113475177305,1.0,0.9995565410199556,0.9998225691980128,0.9905777100980299,0.9176201372997712,0.7122557726465364,0.802,0.7456303458534771,0.009398495957528952,0.08149333787753377,0.2877442273534636,0.19755654101995557
4,rf20b,500,None,31.92,1,sqrt,balanced,0.9999762060555588,0.999113475177305,1.0,0.9995565410199556,0.9998225691980128,0.9899114875797088,0.9534883720930233,0.655417406749556,0.7768421052631579,0.6991284577491474,0.010064718475849999,0.04562510308428169,0.34458259325044405,0.22271443575679772
5,rf20c,750,None,31.874666666666666,1,sqrt,balanced,0.9999762060555588,0.999113475177305,1.0,0.9995565410199556,0.9998225691980128,0.9899114875797088,0.9558441558441558,0.6536412078152753,0.7763713080168776,0.6977626090254077,0.010064718475849999,0.04326931933314915,0.34635879218472465,0.22318523300307802
3,rf20a,250,None,31.94,1,sqrt,balanced,0.9999762060555588,0.999113475177305,1.0,0.9995565410199556,0.9998225691980128,0.9897211382887598,0.9577836411609498,0.6447602131438721,0.7707006369426751,0.6898517673888256,0.010255067766798964,0.04132983401635515,0.3552397868561279,0.22885590407728051
2,rf20,100,None,31.76,1,sqrt,balanced,0.9999762060555588,0.999113475177305,1.0,0.9995565410199556,0.9998225691980128,0.9893404397068621,0.9544235924932976,0.6323268206039077,0.7606837606837608,0.6780952380952381,0.010635766348696674,0.04468988268400742,0.36767317939609234,0.23887278033619486
10,rf22,100,None,32.07,1,sqrt,balanced_subsample,0.9999762060555588,0.999113475177305,1.0,0.9995565410199556,0.9998225691980128,0.9891976777386504,0.9540540540540541,0.6269982238010657,0.7566988210075026,0.6731502669717772,0.010778528316908398,0.0450594211232509,0.37300177619893427,0.24285772001245298
